  0.000000000000000E+000   1.00000000000000      -0.150000000000000     
  0.200000000000000       0.951535060639527      -0.331218420034301     
  0.400000000000000       0.869073409668283      -0.489067198746896     
  0.600000000000000       0.757785666565574      -0.618799412374746     
  0.800000000000001       0.623656746067749      -0.717032530436187     
   1.00000000000000       0.473206854545691      -0.781799844680910     
   1.19999999999998       0.313208021493181      -0.812544118641873     
   1.39999999999996       0.150407394788507      -0.810057068326212     
   1.59999999999993      -8.732387234941179E-003 -0.776370170353127     
   1.79999999999991      -0.158266695234876      -0.714603857122504     
   1.99999999999989      -0.292968766303679      -0.628783357669264     
   2.19999999999987      -0.408490145200723      -0.523630252537414     
   2.39999999999985      -0.501477796615699      -0.404339222640824     
   2.59999999999982      -0.569645880155469      -0.276349492917449     
   2.79999999999980      -0.611802051000939      -0.145120123581660     
   2.99999999999978      -0.627829916764324      -1.591761988093531E-002
   3.19999999999976      -0.618630882632513       0.106376638701285     
   3.39999999999974      -0.586030000106630       0.217432852577454     
   3.59999999999971      -0.532651558732866       0.313608219593848     
   3.79999999999969      -0.461770996760432       0.392047883503074     
   3.99999999999967      -0.377150240035043       0.450749514551403     
   4.19999999999974      -0.282863805657089       0.488591141173847     
   4.39999999999980      -0.183122937039501       0.505323295954755     
   4.59999999999987      -8.210468999822462E-002  0.501527857936759     
   4.79999999999994       1.620770503708371E-002  0.478547123304446     
   5.00000000000000       0.108167684271835       0.438387582775413     
   5.20000000000007       0.190586846250956       0.383603601942739     
   5.40000000000014       0.260831643881845       0.317166675850636     
   5.60000000000020       0.316892975788812       0.242326157011902     
   5.80000000000027       0.357427562422495       0.162467342462785     
   6.00000000000034       0.381771149027978       8.097256489095947E-002
   6.20000000000041       0.389924665266541       1.090487890176914E-003
   6.40000000000047       0.382515451918232      -7.418181488624258E-002
   6.60000000000054       0.360736506955403      -0.142200178271534     
   6.80000000000061       0.326267381876857      -0.200755108212335     
   7.00000000000067       0.281180857778122      -0.248131963567549     
   7.20000000000074       0.227839840396146      -0.283148485149460     
   7.40000000000081       0.168789033316660      -0.305169539036826     
   7.60000000000087       0.106645885081925      -0.314099830613615     
   7.80000000000094       4.399507222116875E-002 -0.310356154144446     
   8.00000000000101      -1.670960479523820E-002 -0.294821443430648     
   8.20000000000089      -7.323254829457347E-002 -0.268783461352382     
   8.40000000000078      -0.123630161398163      -0.233861395230581     
   8.60000000000067      -0.166309049557927      -0.191923902668263     
   8.80000000000056      -0.200067281825920      -0.145002276924551     
   9.00000000000045      -0.224118101800663      -9.520237605249715E-002
   9.20000000000034      -0.238096192820363      -4.461879564377588E-002
   9.40000000000023      -0.242047270936639       4.745524442066588E-003
   9.60000000000012      -0.236402379276999       5.105146504404794E-002
   9.80000000000001      -0.221938769382349       9.268535116005419E-002
   9.99999999999990      -0.199729664306981       0.128308263306955     
   10.1999999999998      -0.171085494844081       0.156891845707331     
   10.3999999999997      -0.137489379273008       0.177740012089665     
   10.5999999999996      -0.100529678432798       0.190496530467882     
   10.7999999999995      -6.183240618341724E-002  0.195139015755868     
   10.9999999999993      -2.299611901381238E-002  0.191960354215292     
   11.1999999999992       1.446834016915450E-002  0.181539010419851     
   11.3999999999991       4.919119517771038E-002  0.164700013122353     
   11.5999999999990       7.998852414156470E-002  0.142468672472020     
   11.7999999999989       0.105897247356032       0.116019242760300     
   11.9999999999988       0.126199532238688       8.662081150956817E-002
   12.1999999999987       0.140436287358730       5.558267021985223E-002
   12.3999999999986       0.148409858798440       2.420131080631002E-002
   12.5999999999985       0.150176453319855      -6.288996003689952E-003
   12.7999999999983       0.146029179782058      -3.476033657109771E-002
   12.9999999999982       0.136472911362011      -6.022860454593133E-002
   13.1999999999981       0.122192417589867      -8.188320559958215E-002
   13.3999999999980       0.104015391246399      -9.910831834248489E-002
   13.5999999999979       8.287209807512044E-002 -0.111495380477922     
   13.7999999999978       5.975340731172047E-002 -0.118846828050043     
   13.9999999999977       3.566892130868830E-002 -0.121171452478238     
   14.1999999999976       1.160681863382617E-002 -0.118672043176802     
   14.3999999999975      -1.150313529459067E-002 -0.111726243174016     
   14.5999999999973      -3.282216321724828E-002 -0.100861753755336     
   14.7999999999972      -5.162963328902282E-002 -8.672717665968820E-002
   14.9999999999971      -6.734406325141570E-002 -7.005987612205870E-002
   15.1999999999970      -7.953751710573335E-002 -5.165227787241129E-002
   15.3999999999969      -8.794322200700475E-002 -3.231800015592798E-002
   15.5999999999968      -9.245650547101089E-002 -1.285913709716277E-002
   15.7999999999967      -9.312940562443096E-002  5.964106748181721E-003
   15.9999999999966      -9.015953150459556E-002  2.346039260318883E-002
   16.1999999999968      -8.387393930404233E-002  3.902998798665666E-002
   16.3999999999971      -7.470893870789574E-002  5.218263827364106E-002
   16.5999999999973      -6.318684771891932E-002  6.255016131602634E-002
   16.7999999999975      -4.989077313486896E-002  6.989358508674325E-002
   16.9999999999978      -3.543850750981366E-002  7.410486995024917E-002
   17.1999999999980      -2.045660409313209E-002  7.520346428384110E-002
   17.3999999999983      -5.555622536572824E-003  7.332812761023644E-002
   17.5999999999985       8.692564958029962E-003  6.872461323918695E-002
   17.7999999999988       2.177464891582977E-002  6.172992815449450E-002
   17.9999999999990       3.325233436970698E-002  5.275397852656021E-002
   18.1999999999993       4.277493192159274E-002  4.225946331588668E-002
   18.3999999999995       5.008782571145392E-002  3.074089599597254E-002
   18.5999999999997       5.503673074106378E-002  1.870361691207545E-002
   18.8000000000000       5.756782002680218E-002  6.643608925611262E-003
   19.0000000000002       5.772395718381709E-002 -4.971149413745615E-003
   19.2000000000005       5.563740702151013E-002 -1.571716117885759E-002
   19.4000000000007       5.151951131422253E-002 -2.522920762179717E-002
   19.6000000000010       4.564790597154539E-002 -3.321108624171257E-002
   19.8000000000012       3.835191741007636E-002 -3.944305297318298E-002
   20.0000000000015       2.999680924048802E-002 -4.378587246103866E-002
